0,1,2,3,4,5,6,
cube,sphere,sphere,sphere,sphere,sphere,sphere,
1.0,1.0,3.8,6.2,0.5,0.5,6.8,
0,0,0,14,1,1,30,
|||0.0,0.894,0.447,;0.0,0.894,0.447,;0.0,0.894,0.447,;0.0,0.894,0.447,;0.0,0.894,0.447,;0.0,0.894,0.447,;0.0,0.894,0.447,;0.0,0.894,0.447,;0.0,0.894,0.447,;0.0,0.894,0.447,;0.0,0.894,0.447,;0.0,0.894,0.447,;0.0,0.894,0.447,;-0.002,0.896,0.444,;|0.0,0.0,-1.0,;|-0.949,0.0,-0.316,;|0.0,0.0,0.0,;0.0,0.0,0.0,;0.0,0.0,0.0,;0.0,0.0,0.0,;0.0,0.0,0.0,;0.0,0.0,0.0,;0.0,0.0,0.0,;0.0,0.0,0.0,;0.0,0.0,0.0,;0.0,0.0,0.0,;0.0,0.0,0.0,;0.0,0.0,0.0,;0.0,0.0,0.0,;0.0,0.0,0.0,;0.0,0.0,0.0,;0.0,0.0,0.0,;0.0,0.0,0.0,;0.0,0.0,0.0,;0.0,0.0,0.0,;0.0,0.0,0.0,;0.0,0.0,0.0,;0.0,0.0,0.0,;0.0,0.0,0.0,;0.0,0.0,0.0,;0.0,0.0,0.0,;0.0,0.0,0.0,;0.0,0.0,0.0,;0.0,0.0,0.0,;0.0,0.0,0.0,;-0.495,0.81,-0.315,;|
0.0,9.0,29.0,26.0,51.0,1.0,30.0,
0,1,1,14,18,1,1,
|0.001,-0.0,-1.0,;|0.832,0.555,0.0,;|-0.577,0.577,-0.577,;-0.577,0.577,-0.577,;-0.577,0.577,-0.577,;-0.577,0.577,-0.577,;-0.577,0.577,-0.577,;-0.577,0.577,-0.577,;-0.577,0.577,-0.577,;-0.577,0.577,-0.577,;-0.577,0.577,-0.577,;-0.577,0.577,-0.577,;-0.577,0.577,-0.577,;-0.577,0.577,-0.577,;-0.577,0.577,-0.577,;-0.576,0.576,-0.58,;|0.408,0.816,-0.408,;0.408,0.816,-0.408,;0.408,0.816,-0.408,;0.408,0.816,-0.408,;0.408,0.816,-0.408,;0.408,0.816,-0.408,;0.408,0.816,-0.408,;0.408,0.816,-0.408,;0.408,0.816,-0.408,;0.408,0.816,-0.408,;0.408,0.816,-0.408,;0.408,0.816,-0.408,;0.408,0.816,-0.408,;0.408,0.816,-0.408,;0.408,0.816,-0.408,;0.408,0.816,-0.408,;0.408,0.816,-0.408,;0.408,0.815,-0.41,;|0.408,-0.816,0.408,;|0.224,-0.075,-0.972,;|

0,1,2,
False,True,True,
False,False,True,
0.5,0.5,0.5,
0.542,0.5,0.5,
9.0,0,1.0,

0,1,2,3,4,5,6,
3,1,1,21,1,40,1,
0,1,1,38,1,82,1,

0,1,2,3,4,5,
1,2,0,2,2,2,

0,1,2,3,4,5,6,7,8,9,10,
0.98,-0.905,1.0,-0.922,-0.1,-0.1,0.947,-0.98,-0.98,0.976,-0.1,
True,True,True,True,True,True,True,True,False,True,True,
